100 100
2 44 45
1 69 71 9 16
0 83 87
2 44 100
2 3 40
2 30 86
1 9 37 49 54
1 28 85 6 37
1 15 25 57 88
1 6 29 28 51
1 6 94 22 68
1 5 95 70 80
1 28 29 49 51
1 3 7 22 85
1 1 94 35 65
1 91 96 27 67
2 1 47
2 93 96
2 43 62
2 30 91
2 25 58
2 27 91
0 35 37
2 10 82
1 77 79 85 89
0 15 18
1 43 77 8 37
1 41 50 24 97
0 65 68
2 24 62
1 53 97 76 89
1 43 88 2 7
0 45 48
1 51 80 69 72
1 4 34 64 98
2 17 53
1 54 93 26 87
2 48 71
1 10 60 11 37
0 41 43
1 44 51 9 88
1 76 82 10 28
1 12 40 41 68
0 99 100
1 20 100 5 22
1 27 60 3 45
0 75 77
1 59 85 21 25
2 95 98
1 25 91 10 82
0 77 79
2 15 69
2 16 28
1 37 60 33 52
1 29 89 18 70
0 17 22
1 9 17 59 83
2 68 89
2 42 70
0 95 100
1 44 92 28 66
1 33 61 69 77
2 50 90
1 57 74 63 71
2 52 60
0 73 77
1 9 73 59 99
1 4 52 55 100
2 39 48
2 30 79
1 66 87 7 84
2 27 95
1 26 73 45 91
1 57 68 54 98
1 40 95 71 96
2 18 61
1 4 34 34 49
2 35 36
0 37 40
0 97 98
2 32 94
1 42 87 66 90
0 19 21
2 36 44
0 61 66
1 14 99 91 99
2 13 87
0 43 47
0 85 87
0 5 8
1 13 88 49 73
2 5 30
1 25 96 46 83
2 26 91
0 87 92
0 49 52
1 13 40 27 87
2 40 93
2 41 83
1 23 70 82 97
