1
1983 2923
510 924 -1
564 48 -1
1379 1067 10000
1858 481 -1
199 1137 0
368 354 0
1145 638 -18
1809 1958 -2584
812 381 -1
1209 879 0
246 1756 0
1197 1935 -1
1765 1515 -32
793 1930 0
1811 521 0
330 486 -2319
1604 1526 -1
1294 1019 -1
425 201 -3400
385 422 0
276 386 -21
1899 1695 -1
1869 1446 -2
1108 1130 -4
946 1351 0
1164 1925 -1
574 186 0
1876 1577 -1435
329 944 -333
1495 1308 -1
966 725 -4
248 1380 -1
1112 206 0
1336 428 -1
195 743 0
1885 255 -55
725 1535 -4
339 96 -1
965 832 -59
1048 1928 0
1492 394 0
260 1817 -12
1636 704 -914
1441 1506 -27
1562 1764 0
792 1882 0
42 82 0
1505 434 -1
52 911 -451
856 614 -1421
7 1270 -64
1738 699 -599
350 1622 -96
90 21 0
171 15 -1
893 1560 0
1672 1242 -1
1733 281 0
380 1399 10000
1408 761 0
693 1868 0
695 320 0
213 1042 -1
902 1395 -896
603 1292 -1
1827 894 -781
466 663 10000
520 1163 -19
1806 325 0
839 409 -1
1583 238 0
837 560 0
1457 1912 0
1337 1378 -1
924 887 0
528 47 0
1697 1054 -6307
1811 1299 -1
650 1730 -528
661 1138 0
534 1141 -10
1161 330 0
794 905 0
653 765 -3
1367 1231 -1
36 1426 -1
1848 1452 -1
358 182 -1
1178 190 -1
472 1967 -2187
1356 1541 0
1946 1044 0
1020 1082 0
1413 801 0
750 1258 0
1693 1830 -1
1864 293 0
907 125 0
1915 1024 -6184
453 489 0
1913 1182 0
386 1571 0
1350 1617 -232
969 1532 -1
1798 1368 -1
1138 1342 -1963
1757 950 0
1623 1324 0
640 931 0
279 583 -1567
1214 331 -1
1540 67 -1
1671 1701 -1
1024 795 -1
460 156 -1
427 1628 -1
805 1931 0
1209 1166 -175
271 1145 -1
1969 1132 0
1893 136 -2
1510 447 -1
1025 931 -1
1298 1758 -1
1098 1005 -1
1430 811 10000
1867 453 -828
497 606 -70
1115 1238 0
807 465 -1
1418 110 0
978 1190 0
469 1153 -1
1875 1259 -5083
1045 1469 0
1872 1879 0
581 734 -3
506 46 -7
1070 1893 -1
1787 1246 -1
608 1714 -1
722 884 -5
1073 732 0
1249 1864 -8
57 666 -208
1179 428 0
236 1818 -1
186 1249 -1
1719 357 0
1594 41 -1
1319 1745 -40
1589 1526 0
789 490 -2
1391 1042 -178
626 415 0
541 644 -1
803 1563 -276
1920 644 -83
621 788 0
987 1846 -1
1892 714 -57
689 1436 10000
1299 1187 0
1842 1669 -1
1208 416 -2
1137 1980 -3
263 1802 -1
374 392 -1
433 1270 -1
105 1864 -1
7 433 0
469 666 0
258 855 -198
35 139 0
1620 699 0
423 1634 -1
369 220 -998
1075 1818 0
47 425 -3434
1212 62 0
803 346 0
823 494 0
1943 436 0
1875 1544 0
1833 1131 -78
1126 15 -5
236 114 0
202 451 -1
1185 886 0
1099 1753 0
325 587 -1
1797 677 0
1451 1407 -8
653 1888 0
1859 677 -5
1860 471 -6
870 1625 0
337 418 -1
1777 308 10000
733 1483 0
1728 136 -1
929 1872 -1
184 197 -1630
1320 1810 -1
948 1546 0
1279 533 -1
142 1602 -2
48 303 0
1687 577 -8890
957 1662 -1
595 224 -1
1719 1618 -1
1961 686 -1
221 661 -1983
909 1005 -6
362 1253 0
1333 239 -13
1239 1293 -1
439 1689 0
1941 972 -3502
1458 7 -64
786 1078 0
176 1003 -1
1032 1444 0
914 1770 -80
717 535 0
1195 1983 0
1452 1135 -14
911 1591 -1
1297 703 -1
143 929 -1
1549 969 0
3 1850 -1
1794 1264 0
196 468 -196
9 201 -1
331 1651 -1
1482 716 -1
1225 1070 -1
269 1402 -1
539 1613 -9156
420 1801 0
86 909 -1
44 1676 0
915 563 -1
933 1023 0
678 1059 0
1205 1498 -13
79 349 0
1036 1344 0
1698 183 -2
1589 900 -35
736 53 0
1651 336 0
1621 1150 -1
470 1472 0
1386 704 0
1596 1827 0
117 331 0
596 1807 0
1302 148 -3
1926 1275 -1
310 1790 -1763
1323 1310 0
1647 634 -1
1298 192 0
248 1829 0
1246 1881 0
625 1206 -85
167 1155 -118
1533 995 -694
1828 1321 -5947
1945 1908 -6432
1090 211 -112
250 717 -1
602 1413 -7
1584 673 -1
161 620 -1
503 1191 0
500 1766 -1090
648 529 0
1898 1411 -1
1646 42 -1
115 1452 0
860 10 -1
329 1716 0
104 1338 -1815
1724 509 -8632
1708 839 0
1053 1321 -1
1607 729 0
1036 552 -22
567 110 -11
1561 1933 -1
80 169 -1
771 237 -4
893 1052 -1
26 538 -19
843 349 -1
1510 1325 0
1757 1367 -1
661 1342 -1
1319 1376 0
223 1026 -1
1415 926 -1
166 620 -460
1515 1029 0
198 1048 -1
1014 41 -2661
1809 1605 0
1547 688 -744
348 1630 -1
1845 629 -1
1766 487 -1
1133 1043 -18
1337 1957 0
627 1969 -576
233 1264 -1
1935 1117 -1
1033 98 -7
705 1749 -7
615 1574 -23
1686 284 0
1846 304 -28
790 1478 -1
1816 638 -1
828 501 -1
1914 1720 -3
1335 1427 -1
521 1299 -2
201 727 -3367
1954 616 0
182 483 -1
924 1225 -1
831 1493 -1
1189 1528 0
1307 1139 0
962 1407 -1
1625 56 -1
1824 1731 -9
1012 77 -1
630 1607 -588
490 1010 -1
568 335 0
1246 1438 -4474
140 187 0
723 1558 -20
193 1074 0
443 1010 0
430 142 -2
1663 660 -1
1629 1073 -5552
1683 1324 -30
1511 1978 -1
302 1893 -2
588 1507 -12
1968 953 0
1292 137 -3174
283 602 0
1752 666 -1
982 522 -1
871 1002 -8
1412 906 -1
1903 579 -182
197 1538 0
671 1073 -1
697 1662 -7599
1753 536 -1
1670 185 0
1643 285 -1
735 1431 -6
1763 1333 -13
791 1788 -1
1715 503 -2
1217 971 0
1157 818 -1
890 866 -766
744 220 0
1535 1842 0
384 1181 -1
768 1433 -1695
713 364 0
54 57 -210
119 1726 0
326 1210 0
951 1486 0
1206 1920 -84
1905 1578 -1477
679 181 0
1148 1885 -55
31 1205 -1
1595 1637 0
1252 898 0
257 1560 -1
262 205 -1
863 1136 -1
709 683 -1
898 1873 -1
39 990 -1134
1857 384 -305
1026 1203 0
797 1463 -248
403 1843 0
2 109 -227
1044 310 -1780
1692 132 -4699
1654 1320 0
92 1035 0
1433 1760 0
941 877 -417
641 1781 -23
884 1961 0
6 1296 0
57 1752 0
1537 298 0
361 451 -7826
375 1192 -1
1421 266 -1728
372 1477 0
930 1201 -4
611 758 10000
859 1063 -1
968 1563 0
1220 468 0
1824 1028 0
1624 1969 -1
415 135 -2935
461 487 -1079
1965 1746 -144
504 514 0
425 9 0
854 603 0
662 1803 -54
1422 811 10000
1562 1561 -6
31 77 0
896 108 0
1125 1615 0
1221 653 -1
1185 1314 -1
1143 956 -98
1874 430 -2
1484 953 -45
1285 982 0
591 360 -364
1276 1707 -4219
51 258 0
351 1081 0
344 1307 -2
1909 360 -1
1718 1244 -2062
130 137 -1
880 1497 -230
1147 426 0
264 1846 -28
934 1372 -1
614 757 -1407
254 1115 -37
558 138 0
1007 288 -1
870 56 -4563
437 1486 -1
1466 1865 10000
347 913 0
151 785 -241
1522 1598 0
1462 1739 -4345
644 1297 -1
1712 432 0
925 107 -1
1744 67 0
642 680 10000
485 1900 -1
1528 1713 -350
734 1243 -3
122 407 0
38 1226 10000
759 470 -1
1642 775 -139
859 598 0
1316 1793 0
343 1905 -1492
826 1461 -1
1247 720 -2
174 1260 -1
1434 536 0
1074 546 -5
1316 988 -66
326 1759 -2
1307 1834 -1
232 345 -1
25 1389 0
1867 395 0
465 1806 -1
385 399 -2713
1076 194 0
1148 1568 0
609 1813 -4
1587 1591 -447
1243 1819 -1
1341 99 0
1654 1810 -36
785 1737 -1
1514 581 -3
1868 983 -1
1005 262 0
1106 797 -1
525 828 -1
996 198 0
988 241 -66
1260 424 0
1566 59 0
1509 526 -171
545 1216 0
1725 583 -1
1774 742 -21
764 1056 -18
358 517 0
1799 1275 0
1605 1958 -1
743 1939 -1
49 1584 0
553 1582 -1
992 1097 -8
1852 1420 0
444 447 0
1245 963 0
1503 1010 -2
584 184 -1
1490 917 0
1616 1049 -483
128 1079 -4056
1588 917 -1
877 10 -413
1327 50 -1
1729 761 -1
604 1030 0
1308 18 -1
278 1158 -119
1919 599 0
1031 836 10000
411 1558 -1
909 1098 0
1574 1545 0
698 199 -1
1343 165 0
1854 492 0
651 1840 -1
1564 11 -1
90 1134 -1
422 399 -1
842 416 -1
1001 1942 0
1618 64 0
1089 430 0
288 337 0
292 1129 -1
1768 1372 -10
1339 983 0
976 1617 -1
1340 1025 0
1732 1045 -1
1890 751 0
1372 1652 0
1240 1067 10000
1838 1400 -1
1229 27 -1
1174 1024 -1
707 545 -33
1844 1668 0
1685 1252 -12
1791 698 -3
1056 1065 -18
1583 141 -1
8 992 0
1508 623 0
593 473 0
1902 1467 10000
1435 349 -3
1328 1507 -1
1175 1375 10000
128 1086 0
1397 253 10000
728 34 -1
95 1367 0
479 1909 -367
1269 323 -1
1419 1038 0
1277 272 0
323 650 -1
1112 565 -1
10 20 -409
1349 169 -3
755 1621 -7
769 1465 0
212 1394 -34
613 66 -4
542 803 -279
1166 1907 -173
1322 657 -4260
885 1819 0
1645 272 -1
1966 820 -1
857 1802 -382
55 1925 -2208
203 66 0
35 598 -1
1965 445 0
573 288 -1906
899 74 0
1396 446 -2022
1788 1837 -263
32 1338 0
757 498 0
1485 206 -430
366 1056 0
1756 1211 -1
610 1363 -125
1831 736 -1
1273 785 -1
877 860 0
673 1848 0
761 187 -1
740 1938 -1
1016 1630 -3301
1640 768 -1711
818 484 0
1467 83 10000
1844 671 -5607
979 34 0
494 608 -1
1052 1613 -1
665 1918 -1
772 1573 -512
1361 1954 -7
1066 1158 -1
861 1157 -1
281 1516 -5184
169 1302 -1
68 531 -8803
132 717 -4653
509 716 -8548
1009 1878 -13
1673 1792 -1
940 871 -8
1167 255 -1
746 446 -1
1659 1350 -1
1332 1826 0
1127 190 0
645 1607 -1
240 1473 0
412 1779 -1
377 1634 -1598
1147 1502 -3
381 1682 -1
1264 1716 -336
88 1002 -1
409 80 -1
999 749 0
1773 808 0
981 1494 0
1538 377 -1
726 359 10000
1018 482 0
737 1193 10000
290 1626 0
889 214 -6369
1977 505 10000
1651 181 -1
1764 1561 -1
363 1366 -1833
316 1931 -8060
1338 1044 -1
742 788 -21
1826 76 -317
687 814 -4
834 1237 0
798 1666 -16
1949 1811 -2
1470 1711 10000
1390 871 -1
282 1090 -114
1188 881 0
1256 480 0
1354 779 0
1091 643 -1
1385 623 -1
1648 1445 0
690 396 -4
1944 1785 0
772 964 0
314 567 0
1521 412 -285
42 799 -49
944 150 -1
321 989 -1
1064 1007 -1925
715 500 0
1934 1344 -22
1423 1692 -1
209 650 0
796 1588 0
1158 1155 -1
1102 1703 -1
1479 1832 -33
123 314 -11
557 1343 -142
1117 1525 0
592 1007 -1
1787 56 0
1073 1256 -5498
1748 4 -1
1550 1358 -308
30 308 10000
63 1224 10000
965 1938 0
1482 509 0
1331 1059 -2993
1896 174 0
832 904 0
125 873 -1
703 914 -1
441 200 -1
214 1697 0
1242 1981 0
1258 978 -1
1231 1769 -1
120 1862 -2
1168 24 -6
918 1773 -3
849 273 0
1057 1275 -43
160 661 -1
632 777 -1
810 1197 -168
685 1092 -1
813 761 -5
11 518 -1
100 831 -14
1798 18 0
1781 459 0
914 180 0
1639 109 0
1851 1675 0
1023 1876 -1449
93 1384 -1
69 96 -12
1053 1828 0
676 642 10000
144 698 -1
554 672 -1
1953 929 -9
1275 351 -42
1277 1483 -668
1792 1592 -1
1100 1978 -9903
1012 1135 0
293 532 -8
1049 1041 -479
1326 158 0
1734 412 -1
113 1102 -1379
1904 1378 0
5 1478 -2
1493 49 -1
171 1126 0
1105 179 -1
1084 275 -1
369 1830 0
108 1057 -1
932 127 -10
704 1013 -905
528 425 -1
643 1491 -212
1184 865 0
51 855 -1
736 1412 -960
1686 1253 -1
1300 1813 0
1223 1699 0
1566 1743 -1
68 577 0
1679 1644 -258
1484 1427 0
33 1565 0
1972 166 -1
1637 1757 -1
1520 1739 -1
1005 205 -6
1476 1931 -1
638 1043 -1
1590 1438 0
1617 880 0
1038 1053 -1
1300 930 -4
225 909 -6
1453 659 -63
1782 1974 0
754 963 -1
1769 585 -1
64 1267 -3
945 101 -1521
1959 588 -12
1730 1936 0
1321 1305 0
455 1908 -1
537 1327 -3606
1189 1713 -1
600 850 0
1442 1611 -1
77 1205 -13
451 899 -1
237 1813 -1
371 537 -3642
825 287 -15
395 453 -1
740 718 0
943 1088 -1
1564 910 0
224 465 -134
892 1924 -1
486 1721 -2297
311 1784 0
486 1856 0
774 1500 -1
1722 1334 10000
1515 1522 -31
959 1963 10000
1419 1053 -6005
1389 1696 -52
1475 1859 0
515 1301 -1
742 1863 0
1432 376 -1
1121 1297 -82
887 1225 -2
1676 1774 -1
784 235 -223
123 96 0
1820 1306 -2
401 150 -330
237 609 0
923 746 -1
922 819 -1
1927 1520 -4388
1702 98 -1
1977 1777 10000
777 1514 -3
414 881 -3
511 147 -1
1293 1336 -123
335 726 4880
829 402 -152
1532 331 -1179
1110 1790 -1
1334 758 10000
1362 323 0
1597 1825 -86
19 10 0
83 28 10000
1456 348 -3334
792 1143 -99
1180 318 0
1393 1707 0
566 995 0
835 1257 -1
434 1565 -1
1134 514 -1
806 1616 -1
1861 1739 0
1414 21 -296
1268 1514 -1
447 1929 -1
340 1837 -1
819 1454 -1
782 277 -6957
1804 457 -1
1109 1972 -1
368 1208 -1
194 610 -1
1019 256 -1
118 753 -1
228 481 -6
1673 1207 0
181 502 -1145
912 619 -1
1933 471 -1
332 863 -1
1167 1885 0
931 1829 -1
1347 688 0
107 1772 -1851
1439 1601 0
207 543 -6624
771 1130 0
1664 1805 0
257 882 0
1410 479 0
1743 1900 -2460
1244 923 0
1223 762 -20
1822 218 -1
167 1158 0
629 825 -15
379 1719 -1
906 192 -941
361 202 0
1236 910 -1
1026 745 -1
240 1566 -1
678 626 -1
1718 1357 0
220 846 -988
818 1557 -1
928 715 -1101
1321 675 -5889
1477 1340 -1
4 69 -1
121 878 -1
1843 834 -1
795 1038 -1
99 1658 -2878
556 1866 -29
1832 707 -33
1411 910 -94
1870 1505 0
1015 306 -1
1604 1513 0
738 1944 -271
1688 4 0
1590 783 -1
1942 964 -1
1103 949 -1
883 863 -16
764 1043 0
1069 1383 -1
874 1504 -1
1096 1646 -1
1211 1646 -50
1789 402 0
1382 375 -1
936 649 0
879 1166 -1
804 179 -2767
1609 1695 -5
313 211 0
723 411 0
1694 186 -1
1431 692 0
1050 1088 -4
405 1906 0
112 710 -5718
136 35 -2
1818 1822 -722
700 836 10000
1754 1693 -1
471 958 -1
727 348 -1
22 1157 0
1631 16 0
421 1241 0
454 103 -1
340 1788 0
1915 1174 0
1453 1213 0
1568 1885 -1
84 1982 -853
443 1534 -2
1079 617 0
463 1735 0
596 426 -1
1128 654 0
65 125 -1
1734 1521 0
1803 1092 -54
1919 112 -5774
1052 539 0
1149 1480 10000
993 1943 -72
78 1183 -4
664 969 -1202
680 1650 10000
152 1228 -13
821 1329 0
1271 742 -1
226 1859 -5
524 1644 -1
96 314 -1
1111 1517 -1
287 665 -15
706 795 -6124
397 467 10000
386 44 -21
659 1966 0
1299 1677 -1
1081 1896 -1
1072 699 -1
1063 720 -1
481 1286 0
1497 109 -1
1226 464 10000
1730 1942 -1
1856 1721 -1
365 1492 -3
1904 162 -60
949 1832 -1
1736 565 0
1779 542 0
986 1919 -5831
1555 1712 -38
504 1521 -288
1731 1953 -1
1404 49 -14
71 67 -24
1220 651 -194
1943 1011 -1
1088 6 -1
138 1553 -90
755 91 0
390 375 0
270 141 0
36 1034 0
977 1605 -2609
840 1582 -5
1374 916 -862
154 169 0
1022 1116 -1
1201 367 0
546 1899 -1
193 546 -1
558 1553 -1
1580 594 -9
1019 1230 0
1410 1909 -1
875 151 -243
1746 1343 -1
791 589 0
1644 747 0
1471 407 -110
1536 1675 -1
916 1982 -1
274 291 -1
1908 214 -1
152 1498 0
544 1314 0
823 608 -105
1171 1049 -1
73 895 -72
937 1592 0
392 881 -1
1918 100 -1
1660 280 -1
657 1276 0
1415 1815 0
377 423 0
227 233 -343
407 1309 -109
307 1597 -1
1572 298 -1
1313 1358 -1
1097 1034 -8
115 1135 -1
851 580 0
1749 701 0
1873 1748 0
973 78 0
147 1720 -1
1488 241 -1
1348 1900 0
342 1242 -149
1132 43 -1
1155 948 -117
1721 1040 -2274
1883 846 0
1742 1849 -1
250 132 0
1914 147 0
1837 524 -1
94 1840 -192
1662 48 -7525
1962 537 0
1761 399 0
590 116 -3825
1879 1778 -1
472 1925 0
1892 1871 0
990 922 0
620 52 -456
1241 445 -1
442 1947 -1
925 418 0
1674 1129 -219
92 138 -91
200 864 -1
907 873 -2
1287 1023 -1463
299 1642 0
527 1460 -2252
1111 1611 0
408 429 0
241 1458 -65
15 378 0
1332 76 -1
1751 395 -1
1834 125 -2
131 1163 -1
1260 427 -41
572 1074 -5
216 629 0
862 1756 -1
1690 924 -2
1236 1411 0
421 445 -145
1198 1547 0
973 1183 -1
1703 1495 -1
34 590 -1
682 1593 -1
1524 1768 -10
1854 1106 -1
1426 1451 -8
452 649 -3750
619 298 -503
1359 1654 -36
748 1041 -1
655 1433 -1
688 236 -737
239 637 -13
1234 866 -1
578 208 -1
948 1140 -116
1738 1072 0
1150 1119 -1
288 418 -1888
1957 1378 -61
1669 124 0
480 1681 -5444
1554 1703 -1366
230 1732 -26
413 1906 -1
624 1972 -469
1387 409 0
1501 1003 -24
989 1384 -6
1303 547 0
1546 1140 -1
1626 164 -1
1539 593 -1
1912 1614 -9
1852 913 -549
261 1315 -204
21 1134 -293
1011 606 -1
685 1803 0
1322 985 0
341 465 0
1979 402 -1
1013 1395 -1
1627 1664 -1
725 731 0
434 523 0
408 1821 -69
1463 1114 0
1825 1206 -1
62 687 -1
1232 1699 -20
180 1770 -1
158 1686 -397
1235 524 -261
1534 1637 -1
1518 204 0
1807 426 -3
1385 46 0
458 421 -146
1082 694 -1
267 1274 0
655 768 0
711 483 -17
483 1415 -1
1507 260 0
1160 474 -19
647 1458 -1
121 1630 0
484 1557 -29
955 674 0
1951 1660 0
315 200 0
1048 1648 -25
971 1006 -1
1302 1068 0
1248 442 0
900 1251 -1
848 296 -493
1329 1586 -1
513 393 -1
272 1483 -1
970 1311 0
1460 55 -1
996 1048 -25
1443 1540 -1
1129 1091 -1
67 1444 -1
1579 1527 0
1779 803 -1
27 1198 -751
5 790 0
289 1699 -1
739 641 0
1910 435 0
298 848 -498
432 1162 -38
637 1705 -12
49 673 -14
1004 323 -538
1775 1907 -1
512 1628 -41
1417 1729 -1
913 1004 -1
847 594 0
635 1243 -1
1973 672 -7379
1895 1400 -2
844 559 -1
1444 615 -1
1923 100 -14
1061 1741 0
1418 382 -1
1871 714 -1
168 1819 -3
1262 8 -8
495 1714 -104
809 471 0
399 1014 -2687
1503 490 0
579 1391 -1
1114 875 -1
81 420 -1
1409 1215 10000
459 1195 -22
1253 1125 -390
429 1821 -1
1728 1893 0
1710 628 -4
891 1674 -221
1699 762 -1
1116 975 0
391 407 -1
1091 684 0
1969 43 -571
1577 614 -1
560 849 -25
1256 1681 -1
1293 869 0
475 291 0
634 1670 -1
1362 650 -533
1471 391 0
793 1632 -1
621 723 -1
292 1674 0
1351 97 -1
942 450 -7165
1776 197 -1
568 1511 -10001
75 1495 -1353
1288 1681 0
899 957 -7674
1358 384 -1
1858 228 0
251 585 0
817 942 0
1170 307 0
1884 537 -1
268 21 -1
796 917 -129
80 1349 0
1682 1845 0
1217 1006 -11
370 442 -1
1272 1319 -40
1540 71 0
438 1209 -1
33 1742 -46
741 272 -674
1582 62 -5
1004 1269 0
1476 316 0
577 531 -1
1230 256 -3052
145 1008 -1
210 1446 0
708 1496 10000
1502 749 -1
1869 1093 0
1150 1894 0
1836 1654 -1
770 1437 -49
1103 1394 0
951 1687 -8978
1047 941 0
276 552 0
981 1555 -39
17 1765 0
503 1869 -1
110 382 -11
756 1502 0
1303 1099 -11
712 695 -53
526 516 -1
1603 1870 -1
783 1520 -1
673 1452 -14
154 1302 -3
191 1917 10000
858 446 0
1653 387 0
1751 908 0
1703 75 0
1975 43 0
1366 1338 -1
1014 1594 0
1932 1880 -1
275 551 -375
659 820 -62
1460 1254 0
324 906 -950
1227 1031 10000
1259 291 -5033
29 906 0
1244 746 -2042
488 1724 0
462 358 -1
1252 1873 -12
1312 1878 0
1609 1899 0
1203 745 -1536
787 120 0
449 183 0
748 1049 0
1911 307 -87
1461 120 -2
322 1017 -4
185 804 -1
1735 1401 -1
1800 1603 0
574 1249 -8
576 1369 -630
1511 1100 0
1296 170 -1
1644 1854 -1
1424 238 -1
1677 183 -1
127 563 -10
1709 254 0
1513 1526 -35
1672 342 0
980 1285 -1301
286 974 -31
926 1370 0
1113 576 -636
1218 1017 -1
1353 1201 -1
580 1420 -554
1634 1000 0
878 312 0
766 1251 -35
1192 1062 0
1585 240 -2533
956 350 -1
1762 867 0
508 1289 10000
1378 162 -1
1517 208 -2
140 722 -5
137 1329 -1
733 868 -1
1333 476 0
1449 830 -189
551 479 -1
178 908 -1
884 686 -5
231 734 -1
1292 130 0
1468 1463 -1
233 730 0
520 131 0
1940 874 0
1456 727 0
1143 398 0
587 1588 -130
52 1039 0
297 1136 -16
760 1646 0
1707 597 -4178
1265 99 -2906
1251 215 -1
301 522 0
569 518 0
666 1153 -206
1780 559 0
1501 176 0
277 1304 0
13 239 0
1731 294 0
876 1234 -773
1481 516 -170
1152 1887 10000
403 834 -44
111 727 -1
1739 985 -1
1407 145 0
838 1291 -8465
1737 129 -236
616 755 -7
117 1651 -1168
182 711 0
37 1570 -1
1355 1661 -31
597 1405 -4137
720 85 -1
523 1565 -47
1600 508 10000
474 538 -1
686 571 -1
466 1963 10000
247 1059 -1
1125 857 -1
573 1007 0
261 1153 0
1851 690 -4
985 657 -1
235 1674 -1
703 952 0
1611 1517 -2
693 983 -357
324 1412 0
555 1213 -1
1951 280 -879
1802 275 -378
32 1044 -1797
507 785 0
13 637 -1
926 332 -17
1741 850 -1
157 1095 -346
381 967 0
1216 1295 -32
1197 1345 0
353 707 0
1678 1868 -1
578 1517 0
1368 1285 -1
1548 1337 -1
319 769 -16
1199 1588 -1
1363 1293 -124
1284 1675 -4
101 343 -1
745 101 -1
470 73 -1
779 318 -611
594 460 -9
1212 687 -5
583 1026 -1552
400 1593 0
1200 1329 -3143
618 1666 -1
1037 191 10000
353 545 -1
1295 17 -32
927 1451 -1
444 1929 -75
1799 351 -1
894 1234 -1
249 1980 0
1774 1271 0
148 374 0
1704 663 10000
1819 144 -3
1591 370 -442
694 440 0
1179 1066 -1
1257 364 -2365
1384 1168 0
533 1144 0
1326 1686 -1
60 546 0
501 1148 -1
670 1391 -180
691 712 -53
855 468 -1
1817 1252 -1
1813 930 -1
1874 1853 0
608 495 0
822 1513 -1
592 1064 0
541 1920 0
215 1394 -1
935 1637 -2
1310 1784 -1
46 623 -6
682 1576 0
821 1586 -3113
93 989 0
1829 1380 -1214
858 221 -2002
334 1519 0
1495 1172 0
1750 219 -1
939 579 -1
390 1192 -2
89 1506 -1
1543 238 -9616
841 462 0
1830 220 -1
210 1838 -1
1918 1923 0
1016 348 0
364 1161 -1
173 1524 0
318 1072 -1
1620 630 -1
1017 628 -1
549 916 -1
1629 671 0
624 1109 0
161 166 0
876 894 0
1790 897 0
1929 759 0
1669 776 -1
162 740 -60
449 1080 -2
1047 877 -1
1767 1356 -8
1878 1459 -13
628 725 -1
205 989 -6
133 1574 -1
291 938 -1
903 73 0
633 1207 -2
846 1330 -1
674 1332 -1
838 716 0
1261 1579 -1
593 981 -1
1330 1831 0
1504 1382 0
155 728 -3939
172 1461 0
109 784 -225
1530 306 -1059
1662 564 0
1087 1605 -1
1360 1297 0
1575 845 10000
242 503 -1
1178 672 0
586 1148 -56
1018 1441 -1
1661 974 -1
1315 1890 -1
1746 557 0
1430 1480 10000
937 1874 -1
1062 1439 -2
1618 1267 -1
933 1876 -1
611 30 10000
1314 1476 -8139
139 598 -2
1780 1326 -401
631 309 -3
936 519 -3714
656 1101 0
1947 206 -1
320 1389 -1
1675 690 -1
1486 1687 -1
1726 387 -6822
1641 343 -1507
1862 1207 -1
775 222 -1
1051 334 -623
1954 755 -1
1092 712 -1
1149 491 10000
1317 1169 0
1436 1379 10000
531 70 0
206 565 -425
1039 911 -1
1289 676 10000
1001 964 -518
1046 814 -1
499 1279 0
1194 710 -1
144 1791 0
218 72 -708
1110 310 0
294 1953 -9
1263 1807 -3
41 977 -1
91 1621 -1
897 1421 -1
402 342 -1
710 245 0
1927 783 0
1895 1838 0
519 1425 0
1201 1536 -1
575 1405 0
39 502 0
1151 547 -1
1850 1693 -1018
702 1150 -7
1034 1426 -8
672 190 -7307
1383 474 -1
903 895 -1
1655 1232 -1
734 635 0
626 135 -1
384 477 0
1770 1663 -1
97 932 -1
1420 913 -1
1182 798 -1
1567 1109 -474
1400 1461 -2
1119 506 0
1161 486 -1
1750 1714 0
56 1246 -4519
1058 45 10000
1020 694 -27
1228 1878 -1
1331 247 0
1931 529 -1
492 1106 -253
850 570 -2123
1291 1956 -1
815 580 -1
804 1105 0
431 35 -1
137 1200 0
1924 1820 0
1840 1449 -191
1577 856 0
1041 1109 -1
1800 1870 -48
765 1301 -3
1717 1070 -2
1156 991 -1
452 1142 0
708 1224 10000
1088 1960 0
317 155 -3978
126 1722 10000
1950 1449 -1
290 164 -648
1688 69 -12
619 1572 0
1679 524 0
229 1905 -1
58 1585 0
333 132 -1
1402 494 -1
1287 1578 0
1122 660 -78
1906 267 -2
1342 592 -1
1059 626 -2964
1285 522 -1288
305 1306 0
1647 1658 0
1504 375 -2
456 397 10000
1180 1072 -605
955 1332 -320
1652 1762 -10
1207 1792 -2
1664 1357 -2082
1894 1119 -7
1520 1462 0
306 1429 0
974 1683 0
552 386 -1
1336 1222 0
861 175 0
1065 265 0
1006 200 -11
1929 470 -74
881 419 -1
1758 1474 -923
172 120 -1
383 1890 -202
700 1704 10000
1002 8 -1
309 653 -3
1403 656 -1
618 798 0
928 1454 0
652 422 -2740
1876 1094 0
1153 1315 -1
994 1346 -1
313 1471 -111
1370 332 -1
812 1666 0
322 1218 0
280 295 0
1447 1579 -68
1632 1344 -1
778 1177 -1
1814 960 0
1576 1593 -804
1569 1474 -1
1782 1903 -183
1580 1778 0
538 1145 -19
995 1689 -688
1736 941 -421
1713 1095 -1
1665 1742 0
690 1877 0
598 1063 -2
1328 588 0
1401 1954 -1
87 987 -1
1896 1260 -42
920 1650 10000
362 1125 -1
1392 830 0
1177 1539 0
1360 703 -81
400 327 -1
244 1732 0
1714 219 -103
1354 318 -1
1890 258 -200
1755 1875 -5133
199 1980 -1
1428 571 0
869 1336 -1
482 1441 -27
1181 1414 -299
1759 1307 -1
820 1337 -61
1440 1206 0
1849 1427 -45
1136 769 -1
1446 1838 -2
295 1374 -1
1708 409 -3
315 864 -11
1925 1967 -1
938 1489 -1
1693 562 0
1559 151 -1
889 1908 0
1653 888 -6755
150 457 -327
946 97 -10
1569 1758 0
1880 1257 -2389
864 547 -11
632 419 0
1373 643 0
668 285 0
868 667 0
301 1128 -1275
978 510 -2
1786 345 -4792
1556 1431 -1
833 382 0
878 854 -3237
1596 894 -1
40 307 -1
334 779 -1
1368 980 0
865 1945 -1
691 1092 0
1145 1816 0
1408 187 -5
732 1256 -1
162 1823 0
341 1806 -133
1978 656 -9806
927 1426 0
1948 1795 10000
100 1123 0
620 1377 0
1814 1911 -88
136 431 0
832 1892 -58
762 131 -1
638 1133 0
1060 972 0
841 358 -17
1573 912 0
197 377 -1614
1352 1687 0
1 1363 -1
721 275 0
1165 1375 10000
1282 1811 -1
1578 1023 -1
1767 1701 0
1313 1550 0
975 1735 -7
1523 1308 0
1060 47 -1
1526 900 -1
1712 1162 -1
1265 135 0
597 612 0
808 1323 -3
760 42 -50
153 1414 -1
1242 1464 -1
1281 97 0
1079 1599 -1
851 1420 -1
795 781 0
1636 1474 0
1599 317 0
1118 1442 -1
1249 105 0
1897 1747 10000
188 359 10000
699 630 -594
994 219 0
916 84 0
737 389 10000
464 959 10000
1938 832 -1
1519 779 -617
634 1700 0
1796 571 -5
89 1441 0
48 1973 -7451
417 1141 0
70 488 -8717
991 1107 0
129 1659 0
675 986 0
538 271 0
1593 327 -797
1563 540 -274
1924 1306 -1
1921 1493 -14
1008 1749 -1
814 1643 0
376 1090 -1
1422 352 10000
1282 1949 0
940 1390 0
842 1208 0
1286 1562 -6
535 1625 -4608
827 592 -1944
1115 1836 -1
1365 1958 0
1170 1597 -86
163 958 0
1926 1057 0
814 285 -4
493 797 -251
1463 875 -246
765 515 0
1283 304 0
168 1243 0
718 1938 -59
102 1291 0
195 1939 -157
1353 930 0
599 112 -1
1391 213 0
1454 715 -1
794 228 -1
1982 178 0
1877 396 -1
1700 1670 -2822
600 570 -1
246 1211 -51
1552 1034 -1
1913 798 -16
957 697 0
1967 1512 0
988 1488 0
514 1521 -1
1191 1869 -2
19 20 -1
714 828 -57
1946 310 -1
1633 442 -438
118 824 0
1421 1531 0
1417 410 0
1632 1934 0
781 1038 -6064
1499 1825 -1
1317 1608 -5
720 106 0
1076 610 -126
283 1413 -1
1705 588 -1
1958 1585 -2558
1744 1444 -24
744 846 -1
746 1396 0
1428 572 -1
843 1435 0
918 1916 0
1475 677 -1
1395 1649 0
1680 435 -1
565 941 -1
1823 740 -1
1557 556 0
148 392 -3
1393 597 -1
1720 1492 -1
698 1027 0
1853 430 -1
1013 902 0
1967 1061 -1
388 364 -1
1065 204 -18
1630 878 -3269
245 1668 -5662
299 775 -1
1610 1792 0
1366 104 0
1606 156 -9
1552 1097 0
1267 149 0
575 1086 -4096
1141 173 -1
561 406 10000
667 1626 -655
1825 625 0
1273 151 0
1423 345 0
623 86 -1
1622 1898 0
788 723 -20
1250 1455 -1
1601 242 -1
807 224 0
1192 1439 -1
1959 1705 0
1864 532 -1
1312 1459 -1
1863 788 -1
1054 1915 -6245
1579 1316 -1
852 607 0
647 241 0
1055 34 -3900
1907 1509 0
1982 908 -845
1720 365 0
1944 791 -268
1210 1759 -1
1120 1614 0
984 1346 0
1663 1122 0
677 840 -5
826 1400 0
1581 1846 0
1581 304 -1
1549 1532 -1191
1889 825 0
999 511 -1
1506 1082 -27
457 955 -323
1259 274 0
86 225 0
1469 996 -26
853 1091 -216
1696 1756 -51
333 1692 0
1666 381 -15
208 1940 -1
1541 1390 -1
1948 1723 10000
393 1906 -2
651 94 0
357 1618 -4
1518 841 -18
662 255 0
164 1841 -642
28 636 10000
1979 829 0
654 372 -1263
1602 1949 -2
904 1892 -1
22 818 -29
939 1903 0
419 777 -3
1670 804 -2794
754 753 0
1855 1821 0
360 1678 0
1747 1399 10000
1808 1635 10000
1358 1857 0
204 841 -1
102 1956 -8382
98 1551 -1
553 840 0
1964 960 -89
1085 1841 -1
1717 1225 0
1162 1971 0
1612 127 -1
1120 1824 -1
1691 370 -1
1406 487 0
1344 552 -1
1565 1742 -1
1117 1279 -163
356 103 -1662
1283 1018 -1
297 863 0
1077 235 -1
572 146 0
453 1727 -1
306 1078 -1048
1494 1555 -1
1267 1638 -1
1464 458 0
891 235 0
952 914 -81
82 799 -1
1733 1516 -1
1781 1195 -1
1346 970 -1
1940 1504 -2
1706 1915 -1
218 1487 0
562 1830 -1008
1617 1497 -1
518 92 -92
1624 627 0
637 243 0
1633 370 0
882 1560 -9337
1069 1163 0
496 62 -1
1140 1432 0
1202 518 -93
212 215 0
1309 1455 -108
263 857 0
1507 1817 -1
332 883 0
1196 451 0
1058 38 10000
714 525 0
373 1454 -1112
1881 1438 -1
1222 428 -122
11 1202 0
499 533 -161
1184 1945 -6495
694 230 -26
478 580 -560
1359 1836 0
1889 287 -1
1472 73 -73
1487 72 -1
243 1705 -1
122 1309 -1
1159 1663 -79
1181 153 0
445 1746 -1
1274 368 -1
1262 1002 0
477 1181 -302
363 1772 0
284 1253 -393
710 1668 -1
497 1011 0
848 601 0
170 66 -1
159 1812 0
328 1498 -1
724 665 -1
681 1850 -1028
1548 820 0
127 915 0
1586 1019 -3082
1431 905 -1
1595 1757 -2
280 1374 -870
345 1692 -4746
1607 627 -1
1116 1735 -1
1102 1554 0
380 561 10000
133 615 0
8 1097 -1
1970 1040 -1
1348 1932 -1
1035 138 -1
1280 350 -97
1907 526 -1
901 147 -3
544 1476 -1
1233 350 0
689 1922 10000
605 1695 0
1440 1920 -1
116 1142 -3787
543 865 -6559
1465 1182 -16
1962 1327 -1
417 173 -10
540 738 0
6 170 -4
473 981 -39
1290 828 0
854 1292 -3206
747 1854 -256
888 696 0
1559 875 0
355 1083 0
354 1208 -2
1930 1632 -22
1134 1619 0
450 420 -7095
1450 948 -1
1196 899 -7749
1575 1529 10000
701 283 -7
112 1194 0
119 387 -1
300 1561 0
1397 658 10000
1615 857 -386
614 338 0
249 918 -3
649 519 -1
584 103 0
1727 189 0
37 76 0
79 1708 -1
1582 496 0
1725 279 0
1610 1592 -2
664 1380 0
143 1953 0
12 277 -1
1372 1762 -1
1445 837 -25
427 512 0
1387 80 -3
1855 1447 -1
830 852 -187
938 1448 0
1960 6 -4
1447 1261 0
1602 1839 0
1219 247 -1
731 1535 -1
536 1351 -10
1380 969 -1
339 69 0
1599 155 -1
1270 555 0
1810 1513 -36
1684 1602 -1
24 735 -1
1716 944 -1
346 1563 -1
25 1696 -1
360 1868 -360
1910 14 -4
229 343 0
312 854 -1
1786 232 0
1671 532 0
1545 739 -1
983 1189 -1
1363 1239 0
20 559 -405
1361 1401 0
1433 454 -1678
1481 526 0
1156 1939 0
1037 845 10000
547 1099 -1
917 1076 -128
1127 942 -7235
23 722 0
706 1024 0
885 144 -1
1556 735 0
1841 576 -1
852 1974 -185
529 361 -7903
1514 1104 0
1833 660 0
372 1340 -1251
219 1346 -102
1631 1786 -1
1769 1381 0
1095 227 0
787 1862 -1
656 1424 -9711
1553 960 -1
911 1587 0
1169 1608 -1
1318 98 0
1937 886 -1
76 1570 -314
1384 24 -1
26 474 0
1027 199 -3
844 20 0
935 1534 0
501 586 0
1784 1656 -1
1190 510 -1
1532 1214 0
448 712 0
1229 866 0
1648 837 -1
18 1368 -1313
868 1626 -1
1070 302 0
684 643 -214
420 12 -1
1891 997 -1
782 12 0
1551 1116 -7
95 1231 -2
1376 1745 -1
277 1726 -1
507 1737 -239
498 113 -1393
440 230 -1
1628 1272 0
184 1776 0
1822 1266 0
1365 1585 -1
1498 1228 -1
1429 1078 -1
1128 372 -1
223 583 0
1905 767 0
613 170 0
256 247 -3023
1032 615 -23
1084 1802 0
1745 1177 -40
776 1108 0
1901 665 0
1402 550 0
1388 543 -1
1130 237 -1
1806 587 -131
61 707 -1
612 1405 -1
1448 1489 -4936
1805 1357 -1
1598 1186 -31
192 1758 -932
196 855 0
1195 793 -1
81 450 0
1369 334 -1
1474 704 -1
847 460 -1
563 534 0
960 1911 -1
53 1412 -1
543 719 0
222 997 -137
244 1045 -26
1254 55 -2230
396 1719 -4
953 403 -45
968 540 -1
1255 1102 -1
646 1227 10000
214 1054 -1
305 355 -2
251 326 -2
72 709 0
414 392 0
1832 61 0
819 373 0
304 1018 -28
1240 920 10000
467 1600 10000
1772 1366 -1
1839 1949 -1
1 610 0
1357 1244 -1
1665 1849 -46
1118 85 0
111 201 0
563 1141 -1
1121 644 0
566 1689 -1
1847 639 -77
801 1702 -7
435 14 -1
1638 1807 -1
775 947 0
1163 1383 -19
376 282 0
888 207 -1
487 1015 -1
1573 619 -507
1231 530 0
378 1169 -1
1139 1834 -2
24 1952 0
675 1919 -1
648 361 -1
1835 1712 -1
1936 1942 -523
1204 1510 -76
1970 1721 0
1096 1211 0
551 217 0
745 945 0
1778 594 -1
387 888 -1
517 182 -17
1657 1489 0
1763 1459 0
1394 949 -34
636 1922 10000
1667 309 -1
351 1896 -42
1155 1450 0
300 1933 -6
1183 435 -4
1270 1213 -63
963 1733 -1
998 1772 -1
1656 393 -2
398 956 -1
1522 1186 -1
1900 1932 -2436
1570 1542 0
780 41 0
1077 784 0
1406 1015 -1069
1146 728 -1
1964 1553 0
966 628 0
190 942 -1
606 429 -70
1760 454 -1
1455 269 0
1083 5 -1
396 379 0
816 606 0
1649 1660 -1
530 1769 -2
1808 658 10000
1187 1677 -2
961 1437 0
585 326 -1
833 1217 -1
1491 57 -1
1917 1976 10000
468 651 -1
639 1204 0
998 107 0
1684 142 0
424 427 -1
309 1221 0
268 1414 0
1345 1935 -166
1886 1737 0
1860 1933 0
50 1941 -1
540 1944 -1
1266 218 -715
1140 376 -115
1123 831 -1
972 47 -3467
1232 289 0
1325 447 -75
522 1128 -1
1340 931 -1238
1500 1258 -2
1381 585 -2
696 207 -6689
1257 388 0
1205 328 0
617 1599 -4017
1281 932 -10
1794 1716 -1
519 1884 -1
266 768 -1
485 1743 0
461 1766 0
1558 1655 0
366 1065 -1
1151 864 0
141 257 -9429
1159 1770 0
1645 741 0
979 590 -3862
155 1146 0
159 195 -1
1131 639 -1
1107 829 -154
1865 1976 10000
954 1442 0
607 1974 -1
1882 1143 -1
853 1129 0
721 551 -1
187 722 -1
481 1562 -1
124 776 -4
437 1613 0
426 1502 -1
1873 4 -12
1030 843 -1
813 1729 0
622 1415 -17
1075 1822 -1
1003 1540 -24
1144 1812 -160
1657 16 -4887
1695 1126 -1
150 1804 0
1176 412 0
1416 211 -1
1424 1543 0
822 1810 0
1701 1356 -1
679 502 -1
1341 1658 -1
16 1786 -4840
327 259 0
1068 148 -1
1028 1731 -1
1301 234 0
1177 593 -39
489 1727 -820
872 1466 10000
1427 953 -1
1980 918 -1
338 757 -1
1680 1183 0
1935 921 0
1288 118 -5391
550 494 -106
729 627 -582
1339 1189 -353
1352 577 -1
335 1511 -1
1438 783 -4431
949 1479 0
1685 1817 0
669 1500 0
1849 1335 0
1078 681 -1
475 938 -4984
1478 490 -1
756 749 -3
695 1389 -52
259 1827 -1
327 1827 -789
571 572 -5
189 1576 -1
1837 1235 0
460 1606 0
1870 434 -47
1783 1872 -9
750 978 -2
1304 1726 -6889
1682 629 -15
217 479 -371
1010 1534 -1
1374 549 0
633 1862 0
919 1050 -1
1955 1941 -3536
177 576 0
205 321 0
106 85 -2
1706 1054 0
179 422 -1
436 1011 -71
1619 514 -290
1972 800 0
964 1573 -1
1176 1779 -282
1327 1173 0
1639 784 -1
1973 554 0
1309 1250 0
802 27 0
103 184 -1646
446 221 -1
55 1164 0
296 1616 -488
533 1812 -1
871 88 0
165 299 -1
1928 1648 -1
947 222 -138
622 483 0
1165 1152 10000
1796 686 0
728 1055 0
60 1899 -5
208 1124 0
1499 1597 0
1318 1551 -7
1939 991 -155
1392 852 -1
1355 1186 0
367 1536 -4
1812 195 -158
513 1656 0
1135 77 -14
1324 175 -30
1740 830 -1
835 1880 0
74 957 -1
14 1050 -4
799 1437 -1
1237 108 -1
1793 988 -1
1021 116 -1
763 7 -1
800 166 -465
990 819 -1123
1888 765 -1
1696 862 0
778 1745 0
1403 1978 0
1571 44 -1
355 5 -2
1527 1316 -67
264 987 0
817 450 -1
970 792 -100
1350 976 0
1485 1947 0
919 14 0
177 1369 -1
570 1627 0
1407 1008 -7
1301 604 -1
1523 18 -1326
1061 850 -2144
1690 510 0
767 1578 -1
954 1611 -2
1968 403 -1
646 406 10000
1095 233 -1
347 1004 -544
1154 955 -1
532 1701 -8
908 395 -837
1219 256 0
1821 1447 -68
1473 1566 -2509
824 753 -5338
1775 1166 0
85 1442 -2
114 1818 -729
1323 1784 -3
724 287 0
934 1768 0
977 1087 0
601 296 -1
1886 129 -1
1916 1773 -1
1761 1014 -1
456 252 10000
2 1497 0
1891 222 0
1017 1710 0
1080 892 0
382 1217 -11
1790 1421 -1745
1658 634 -2850
438 1042 0
1119 46 -1
1542 1313 -1
1956 1937 0
1029 1522 -1
1213 659 -1
1215 1897 10000
1364 1082 -1
1093 1446 -1
1172 1308 -1339
113 1255 0
270 257 -1
993 895 0
1551 1022 0
866 27 -758
1866 87 0
683 995 -1
757 113 -1
683 1533 0
716 1291 -1
1413 1702 -1
1248 1947 -434
1193 126 10000
786 681 -1038
1560 1052 -9246
837 849 -1
1416 1090 0
1347 236 -1
1080 1924 -2
1614 1824 -9
1425 1884 -3678
1591 1691 0
457 1154 0
273 1501 -1
1911 40 0
1901 1918 -15
410 1729 -5
401 944 0
570 1664 -2103
149 1638 -3
1536 1284 0
681 3 0
1945 455 0
1234 890 0
1702 1033 0
1405 1086 -1
739 1781 -1
1009 1228 0
1570 1313 -311
1089 142 -1
285 973 -1
303 1973 -1
1762 1457 -1
1586 1294 0
23 884 -1
910 11 -93
15 1169 -5
1459 1333 -1
1490 1076 -1
559 1326 -1
668 973 -4
958 1417 -5
1439 242 -2
1238 1836 -37
65 1834 0
1356 1390 -8
72 683 -701
770 799 0
950 1367 -2
135 99 -1
1468 797 0
1759 344 0
1104 581 -1
805 529 -7981
1483 868 -661
1840 1950 0
1198 688 -1
974 1324 -1
1398 215 -34
669 1258 -1
587 1199 0
1956 886 -8300
336 181 -1156
1661 286 0
1021 590 0
1455 1402 -107
29 192 -1
234 604 -3
163 1417 -1
488 509 -1
1042 1209 -176
1975 478 -1
1099 536 -11
1681 118 -1
1066 278 0
50 1955 0
439 741 -1
1677 1698 0
1638 1263 0
605 1126 -5
604 843 -3
255 1803 -1
1771 17 -1
1290 501 -56
719 865 -1
129 1350 -234
967 1682 -15
231 581 0
997 595 0
773 1142 -1
900 766 0
1160 1383 0
394 1667 -3
1233 1622 -1
961 1603 -48
640 1829 -1226
1188 419 -3
886 1314 -8219
1278 1880 -2412
383 1315 0
776 1130 -1
393 413 0
1006 441 0
1715 242 0
179 652 0
1492 1667 -1
639 1510 -1
1815 926 -17
991 829 -1
1489 16 -1
1612 932 0
1094 1577 -1
589 1788 -266
749 511 -3
1162 1709 -1
404 582 10000
1622 1411 -95
921 1117 -165
516 1197 -1
1506 1364 0
816 429 -1
1623 175 -1
428 1066 -120
815 478 0
146 1074 -1
164 1085 0
1883 1330 -979
516 810 0
1377 52 -1
657 1707 -1
1464 421 -1
209 1730 -1
1981 1464 -148
352 752 10000
58 240 -1
173 1768 -1
1136 319 0
59 1743 -2484
1797 840 -1
1173 50 -3571
1592 1874 -2
44 1774 -21
207 1388 0
569 92 -1
216 825 -1
1621 702 0
1557 1866 -1
1306 355 -1
769 1182 -1
156 1694 0
730 1264 -340
1373 1491 -1
1043 1056 -1
1071 762 0
1278 1932 0
1045 996 -1
448 695 -1
1458 763 0
1711 188 10000
404 389 10000
1508 86 -6
687 1046 0
463 1401 -7
1783 929 0
1558 1232 -20
416 1500 -2
809 958 -6
1555 1835 0
1186 1661 -1
1537 848 -1
203 322 -1
405 267 -1
1941 134 0
1709 1115 -1
1866 987 -29
1131 1847 0
1395 1660 -887
1974 1903 -1
1887 45 10000
1773 1323 -1
1872 1778 -9
314 110 -1
1613 1486 -9066
1371 1732 -1
1398 1251 0
1850 1754 0
1740 1449 0
1063 1247 0
1861 985 -4302
660 1131 -1
175 1157 -30
751 258 -1
1101 1424 -1
454 356 0
418 107 -1869
1525 1279 -1
984 970 -101
1330 736 -969
1000 1725 -1582
349 1708 -3
1142 649 -1
1311 792 -1
717 1625 -1
1516 1875 -1
531 488 -1
1574 739 -23
1008 705 0
1451 962 0
1512 1061 -2166
1785 791 -1
1544 1259 -1
1106 493 0
134 972 -1
827 1342 0
1789 342 -151
253 1409 10000
773 116 0
183 1080 -1
491 1496 10000
1608 226 0
101 1641 0
1343 299 -141
1386 1013 -1
1531 266 -1
1040 1460 -1
1971 1709 -37
545 1295 -1
1801 12 -7025
753 963 -5286
1457 1614 -1
66 322 -4
1171 1616 0
896 1057 -43
780 977 -2635
1086 1079 -1
1071 131 -19
943 1050 0
267 368 -2
905 228 -6
1668 671 -1
311 1656 -3
1268 777 0
692 905 -6
1113 1841 0
1371 230 0
834 108 -44
43 478 -565
548 252 10000
1305 675 -1
511 901 0
956 1280 0
1755 1516 0
1884 371 0
1040 527 0
1634 1725 -1
238 141 -9522
1608 1859 -1
476 239 -1
997 224 -135
1437 1603 -1
1689 741 -681
63 1470 10000
631 1667 0
645 630 0
156 186 -9
789 1478 0
802 1198 -1
1124 1940 -2
1567 1041 0
867 1457 -9
505 1635 10000
873 1175 10000
1491 54 0
1443 1003 0
548 1723 10000
1713 157 0
17 1515 -1
265 204 -1
211 1471 -1
849 1501 -24
1493 1404 0
831 1921 0
416 774 0
1051 1369 0
1434 1351 -1
895 1943 -1
1983 793 -22
1628 1319 -1
266 1640 0
160 221 0
1245 1733 -5235
713 1161 -2342
1952 735 -6
1795 752 10000
502 990 -1
1295 1771 0
1749 283 -1
1015 1530 0
1902 872 10000
296 806 0
715 1766 -1
1727 1576 -812
579 670 0
591 1909 0
1535 1669 -4
1529 582 10000
